100:
241283
200:
091285
040214
500:
070804
100550
300184
120421
110674
070754
140879
030257
140365
110366
100673
030215
051268
220403
030143
181161
270563
170291
300646
060619
140984
280821
040899
291218
310783
010656
170111
160166
160818
190210
040471
110387
290311
121151
270566
180120
010381
281295
190813
040902
190582
221186
030745
151067
200284
171005
111002
010164
140549
211172
231064
020222
060866
021108
100393
201091
090603
131007
120902
120655
160522
230344
250499
251072
261209
160860
011223
011021
260200
230155
150619
130275
310877
290809
030474 
280289
280289
280290
280291
280292
280293
280294
280295
280296
280297
280298
280299
280200
280201
280202
280203
280204
280205
280206
280207
280208
280209
280210
280211
280212
280213
280214
280215
280216
280217
280218
280219
280220
280221
280222
280223
280224